<?xml version="1.0"?>
<opencv_storage>
<calibration_Time>"Út 13. prosinec 2016, 19:41:17 CET"</calibration_Time>
<nrOfFrames>25</nrOfFrames>
<image_Width>1280</image_Width>
<image_Height>720</image_Height>
<board_Width>9</board_Width>
<board_Height>6</board_Height>
<square_Size>50.</square_Size>
<FixAspectRatio>1.</FixAspectRatio>
<!-- flags:  +fix_aspectRatio +fix_principal_point +zero_tangent_dist -->
<flagValue>14</flagValue>
<Camera_Matrix type_id="opencv-matrix">
  <rows>3</rows>
  <cols>3</cols>
  <dt>d</dt>
  <data>
    1.0546851288296355e+03 0. 6.2921721929164971e+02 0.
    1.0586426298104479e+03 3.4586670804762508e+02 0. 0. 1.</data></Camera_Matrix>
<Distortion_Coefficients type_id="opencv-matrix">
  <rows>5</rows>
  <cols>1</cols>
  <dt>d</dt>
  <data>
    1.2286234103108500e-01 -7.7200899185730754e-01
    -1.9299889125053229e-03 -5.0743313048305845e-04
    1.4199347425033295e+00</data></Distortion_Coefficients>
<Avg_Reprojection_Error>7.0252950656892132e-01</Avg_Reprojection_Error>
<Per_View_Reprojection_Errors type_id="opencv-matrix">
  <rows>25</rows>
  <cols>1</cols>
  <dt>f</dt>
  <data>
    6.36832476e-01 4.36179042e-01 6.75451040e-01 5.83432734e-01
    4.38385993e-01 5.61768234e-01 7.93214858e-01 7.78589427e-01
    6.09809399e-01 1.00449955e+00 8.87880862e-01 7.83549845e-01
    1.01758349e+00 9.62185919e-01 4.54471260e-01 3.74773443e-01
    5.36447704e-01 9.28096950e-01 8.55241060e-01 8.45024705e-01
    3.76471251e-01 5.88052034e-01 7.45884538e-01 4.26304787e-01
    5.39809048e-01</data></Per_View_Reprojection_Errors>
<!-- a set of 6-tuples (rotation vector + translation vector) for each view -->
<Extrinsic_Parameters type_id="opencv-matrix">
  <rows>25</rows>
  <cols>6</cols>
  <dt>d</dt>
  <data>
    -5.0503610829882193e-03 2.6556184667091327e-02
    -2.8689780682636720e-02 -4.7849951373448278e+02
    -2.4524810147649745e+02 1.0350360356272597e+03
    4.7619190477636401e-02 -4.6764319910412987e-02
    -1.9081693547060945e-02 -2.7309140728994686e+02
    -2.4845749470035008e+02 9.9562195241764334e+02
    -3.3904067852673504e-02 -7.2599238349847842e-02
    1.0949275472330249e-02 1.3029219055195637e+02
    -2.4255640307974306e+02 1.0010459143746265e+03
    -3.9014513797395289e-02 -2.3613210060712996e-02
    -3.8441866021232343e-04 6.8338560957899077e+01
    -1.2523567719960988e+01 9.2466221256976451e+02
    -1.2766448559223506e-02 -1.6799261003511604e-02
    -3.3252609044404663e-02 -1.9188121426460910e+02
    -1.5923406648395448e+01 9.2421711427081982e+02
    5.6288786537000632e-02 -3.2662883009858784e-02
    -1.4041551956129940e-02 -4.2309183618236341e+02
    -5.4181385026463040e+01 9.3554384906469204e+02
    3.4694374888487534e-02 4.1348008811907799e-01 2.9357343624311610e-02
    -3.8030341935617020e+02 -1.2294875351029334e+02
    1.1317098876026087e+03 -3.4873395989782952e-02
    -5.9314275957842699e-01 3.1411002704130372e-02
    -2.7460505091209268e+02 -1.3804954812480895e+02
    7.6287629864849669e+02 -3.8825735611586733e-02
    5.5706125810345697e-01 -2.6058617829474180e-02
    2.1724377487236737e+01 -1.5286302988238046e+02
    1.0836115725892182e+03 -5.8991986153598158e-02
    -5.8787242512939175e-01 3.8646200177335666e-02
    -3.2469974663524702e+01 -1.6648761464960876e+02
    8.5904166386858151e+02 6.9045417808016263e-01
    -1.3560462295877149e-01 -9.2216820358305088e-03
    -2.4668764160274011e+02 -1.1790615933366604e+02
    8.5563722515168001e+02 -5.5895277849072722e-01
    5.6939065786552459e-02 -2.4055404420469086e-02
    -3.2223884335421315e+02 -1.3170494077527795e+02
    1.1465702360681651e+03 -5.4710776030403174e-01
    6.0812239605107621e-01 1.3959261709723489e-01
    -2.1037135380825114e+02 -1.0679587779320524e+02
    1.3056462606943549e+03 5.9133174482312412e-01
    -2.6920342202622144e-01 -3.6772545674658680e-02
    -2.9272858680155912e+02 -5.1491093922118466e+01
    7.9779512697112330e+02 2.3070234219881917e-02 5.2024623736024525e-02
    -2.0549670226024060e-02 -1.5999113673378633e+02
    -3.0004649476327512e+02 1.0341688585927805e+03
    -1.9117124965923424e-01 2.0914610797395473e-02
    2.8262876777582040e-02 -2.0046449513697308e+02
    -4.1743604320302616e+01 1.0502866558570881e+03
    -2.1399446206133554e-01 1.7851601367996353e-01
    2.5688868803705602e-02 -3.7333066740661616e+02
    -4.4995865706107089e+01 1.1259146259791023e+03
    -5.9352376058079559e-01 3.3315136056914230e-01
    2.0925133512129365e-01 -3.4631312391952599e+02
    -7.5957265252218960e+01 1.1859669185809423e+03
    4.1800356968412333e-01 -1.0226478128062096e-01
    1.5969596842921463e-01 -4.2358192519909062e+02
    -1.5433828720494432e+02 8.0293479991730806e+02
    -2.2874198076823915e-01 -1.2646236889406118e-02
    -1.3161381641665162e-02 -2.6923813169722473e+02
    -1.4045626948232700e+02 6.7832229963379018e+02
    -1.5187078918659400e-01 1.2411270350734689e-01
    4.8305876853234384e-02 -2.3358603686849480e+02
    1.1910734443407155e+02 1.7117174318178331e+03
    -1.0868416692289487e-01 -1.4068278826998287e-01
    1.1200590354145290e-01 2.9927247702666477e+02 1.0359353536377216e+02
    1.5727202348842575e+03 -1.2731939193671893e-01
    -1.8713671730261322e-01 4.0924601573469624e-02
    3.6601119124357552e+02 -4.5606338244829152e+02
    1.6910171016982458e+03 -3.5978814487970162e-02
    -8.0866058675676006e-02 4.1203636918451893e-02
    -1.4669812074304497e+02 -4.0387770922020434e+02
    1.5820916020845555e+03 -1.7247247877784624e-01
    -6.0177266034653953e-02 -1.8438994770008026e-02
    -7.7139233543610021e+02 -3.2576861805627561e+02
    1.7378029278264248e+03</data></Extrinsic_Parameters>
