<?xml version="1.0"?>
<opencv_storage>
<calibration_Time>"Po 12. prosinec 2016, 22:54:38 CET"</calibration_Time>
<nrOfFrames>25</nrOfFrames>
<image_Width>640</image_Width>
<image_Height>480</image_Height>
<board_Width>9</board_Width>
<board_Height>6</board_Height>
<square_Size>50.</square_Size>
<FixAspectRatio>1.</FixAspectRatio>
<!-- flags:  +fix_aspectRatio +fix_principal_point +zero_tangent_dist -->
<flagValue>14</flagValue>
<Camera_Matrix type_id="opencv-matrix">
  <rows>3</rows>
  <cols>3</cols>
  <dt>d</dt>
  <data>
    7.6662540227931777e+02 0. 3.0662845636509513e+02 0.
    7.7680560274693187e+02 2.9778872820182306e+02 0. 0. 1.</data></Camera_Matrix>
<Distortion_Coefficients type_id="opencv-matrix">
  <rows>5</rows>
  <cols>1</cols>
  <dt>d</dt>
  <data>
    -1.9086831723830899e-01 -1.6563945776989417e+00
    -3.1586551339516100e-02 1.5911453130115511e-02
    1.4159261491291518e+01</data></Distortion_Coefficients>
<Avg_Reprojection_Error>9.7615188188467061e-01</Avg_Reprojection_Error>
<Per_View_Reprojection_Errors type_id="opencv-matrix">
  <rows>25</rows>
  <cols>1</cols>
  <dt>f</dt>
  <data>
    2.70655656e+00 2.63549781e+00 1.82285428e+00 1.46625674e+00
    8.38339567e-01 6.53035998e-01 5.52582681e-01 4.51145202e-01
    5.94281375e-01 4.12880510e-01 3.98656815e-01 4.58096802e-01
    4.12625462e-01 3.92690748e-01 4.04718071e-01 3.60349536e-01
    4.14998889e-01 3.82084161e-01 3.33156914e-01 3.14320952e-01
    3.15522641e-01 2.62220889e-01 2.50682175e-01 2.91881770e-01
    2.91153431e-01</data></Per_View_Reprojection_Errors>
<!-- a set of 6-tuples (rotation vector + translation vector) for each view -->
<Extrinsic_Parameters type_id="opencv-matrix">
  <rows>25</rows>
  <cols>6</cols>
  <dt>d</dt>
  <data>
    -6.9121664694537163e-02 -3.2076788433342585e-01
    -3.0291143315414675e+00 3.3534206863113832e+02
    -1.6557510946643738e+01 1.0855703065068824e+03
    -6.4635925720176401e-02 -2.5852511580518461e-01
    -3.0500657094769874e+00 3.2153632986753701e+02
    -2.4411929859193343e+01 1.1161922737722416e+03
    -5.1165442518912772e-02 -2.8054354079381233e-01
    -3.0681185669793321e+00 3.0680029601257957e+02
    -2.9480147518868719e+01 1.1251709136466377e+03
    -9.9014641945405338e-02 -2.6930697763153105e-01
    -3.0738395684642890e+00 2.9038538693451244e+02
    -3.1698090794112574e+01 1.1314861137914045e+03
    -7.4218655841945230e-02 -2.8563070158741921e-01
    -3.0911992649305300e+00 2.7708829915233110e+02
    -3.4696042243774755e+01 1.1375168756048390e+03
    -7.5606688970463021e-02 -2.9701982078488426e-01
    -3.0980502761792317e+00 2.6408833227277267e+02
    -3.9247206596476012e+01 1.1456044346472479e+03
    -1.0786101129305850e-01 -2.6982204590615877e-01
    -3.1220996303770088e+00 2.1280762075545925e+02
    -6.9234565668070928e+01 1.1904027037431692e+03
    1.0331401048258235e-01 2.5466508124280646e-01 3.1251639569036551e+00
    2.0142764824743338e+02 -7.3674705514528497e+01
    1.2098635926534987e+03 9.7040538848504554e-02 2.3038446518687786e-01
    3.1165956837349262e+00 1.9064230361102167e+02
    -7.5123438333118813e+01 1.2313075884896427e+03
    1.1021884579439972e-01 2.2762179347733572e-01 3.1036455012964068e+00
    1.8091117800319032e+02 -7.5840022530945973e+01
    1.2538187598418167e+03 1.3716811064966711e-01 2.6559892300162991e-01
    3.0938158870848795e+00 1.7162234967795530e+02
    -7.7329078883656408e+01 1.2760867214178718e+03
    1.3608107225915514e-01 2.7704404392725679e-01 3.0913104036984196e+00
    1.6608067976501260e+02 -7.9961061057365413e+01
    1.2961173774626920e+03 1.2792226659259265e-01 2.6869666201203130e-01
    3.0904220192364011e+00 1.6231805555139707e+02
    -8.3900962938144957e+01 1.3166228251088728e+03
    1.3364392207221162e-01 2.7085710591850187e-01 3.0885471586310551e+00
    1.5820001856718733e+02 -8.8730334654234426e+01
    1.3344938153787555e+03 1.2517664929511732e-01 2.4592068348483984e-01
    3.0883128770282315e+00 1.5428793465784420e+02
    -9.3004390953674729e+01 1.3565651246058378e+03
    1.2184789385750749e-01 2.3068930383747288e-01 3.0878088022556476e+00
    1.5109189438609874e+02 -9.5995521961544554e+01
    1.3792551842905757e+03 1.2860905532363032e-01 2.2382892415065445e-01
    3.0875075440256818e+00 1.4845190373966187e+02
    -9.7144366819113387e+01 1.4014118074765222e+03
    1.2601085986148008e-01 2.0703412715956465e-01 3.0898031374796728e+00
    1.4586669180916948e+02 -9.1293044507454468e+01
    1.4533937673891148e+03 1.2769951213286607e-01 2.2435750281920405e-01
    3.0914115857347593e+00 1.4460466709209192e+02
    -8.5455200863159106e+01 1.4784529943818918e+03
    1.2212208642433350e-01 2.5034450807796860e-01 3.0914336454858922e+00
    1.4351185320951242e+02 -8.0471796178844102e+01
    1.5019626585824155e+03 1.1202851423681198e-01 2.7536542510085604e-01
    3.0912204762694975e+00 1.4262229489971890e+02
    -7.7515095678385279e+01 1.5239978016750645e+03
    1.0896773345936021e-01 2.8956948360742146e-01 3.0914795859003923e+00
    1.4079505674626003e+02 -7.6382300348868711e+01
    1.5418067987401685e+03 1.0812348184411200e-01 3.0760194262415985e-01
    3.0921112410527978e+00 1.3577283919516350e+02
    -7.7084052004435307e+01 1.5561264020214642e+03
    1.1759605254599929e-01 3.3193602451514115e-01 3.0927905442480959e+00
    1.2816687576235066e+02 -7.9709271358550495e+01
    1.5681764478467037e+03 1.1708170727061082e-01 3.3958241921598609e-01
    3.0951651680211003e+00 1.2010315775818133e+02
    -8.2830312896666769e+01 1.5806153223265680e+03</data></Extrinsic_Parameters>
